NAME : single
TYPE : ATSP
DIMENSION : 11
EDGE_WEIGHT_TYPE : EXPLICIT
EDGE_WEIGHT_FORMAT : FULL_MATRIX
EDGE_WEIGHT_SECTION
0 663 606 671 616 538 596 645 505 192 205 
0 0 81 9 121 320 205 161 134 335 326 
0 81 0 82 167 353 252 206 91 296 286 
0 9 82 0 129 329 214 170 141 343 333 
0 121 167 129 0 306 143 153 181 294 284 
0 320 353 329 306 0 163 159 292 290 289 
0 205 252 214 143 163 0 108 266 238 237 
0 161 206 170 153 159 108 0 171 280 274 
0 134 91 141 181 292 266 171 0 207 197 
0 335 296 343 294 290 238 280 207 0 140 
0 326 286 333 284 289 237 274 197 140 0 
EOF